,tot,sbi,bemp,act,min,dayofweek
0,28.0,14.0,14.0,1.0,0,0
1,28.0,12.0,16.0,1.0,20,0
2,28.0,10.0,18.0,1.0,40,0
3,28.0,9.0,19.0,1.0,60,0
4,28.0,9.0,19.0,1.0,80,0
5,28.0,9.0,19.0,1.0,100,0
6,28.0,9.0,19.0,1.0,120,0
7,28.0,9.0,19.0,1.0,140,0
8,28.0,9.0,19.0,1.0,160,0
9,28.0,9.0,19.0,1.0,180,0
10,28.0,9.0,19.0,1.0,200,0
11,28.0,9.0,19.0,1.0,220,0
12,28.0,9.0,19.0,1.0,240,0
13,28.0,9.0,19.0,1.0,260,0
14,28.0,9.0,19.0,1.0,280,0
15,28.0,8.0,20.0,1.0,300,0
16,28.0,7.0,21.0,1.0,320,0
17,28.0,7.0,21.0,1.0,340,0
18,28.0,7.0,21.0,1.0,360,0
19,28.0,7.0,21.0,1.0,380,0
20,28.0,6.0,22.0,1.0,400,0
21,28.0,5.0,23.0,1.0,420,0
22,28.0,5.0,23.0,1.0,440,0
23,28.0,1.0,27.0,1.0,460,0
24,28.0,1.0,27.0,1.0,480,0
25,28.0,3.0,25.0,1.0,500,0
26,28.0,2.0,26.0,1.0,520,0
27,28.0,4.0,24.0,1.0,540,0
28,28.0,19.0,9.0,1.0,560,0
29,28.0,19.0,9.0,1.0,580,0
30,28.0,19.0,9.0,1.0,600,0
31,28.0,20.0,8.0,1.0,620,0
32,28.0,17.0,11.0,1.0,640,0
33,28.0,13.0,15.0,1.0,660,0
34,28.0,14.0,14.0,1.0,680,0
35,28.0,17.0,11.0,1.0,700,0
36,28.0,13.0,15.0,1.0,720,0
37,28.0,3.0,25.0,1.0,740,0
38,28.0,1.0,27.0,1.0,760,0
39,28.0,2.0,26.0,1.0,780,0
40,28.0,3.0,25.0,1.0,800,0
41,28.0,13.0,15.0,1.0,820,0
42,28.0,5.0,23.0,1.0,840,0
43,28.0,6.0,22.0,1.0,860,0
44,28.0,14.0,14.0,1.0,880,0
45,28.0,4.0,24.0,1.0,900,0
46,28.0,1.0,27.0,1.0,920,0
47,28.0,0.0,28.0,1.0,940,0
48,28.0,3.0,25.0,1.0,960,0
49,28.0,1.0,27.0,1.0,980,0
50,28.0,3.0,25.0,1.0,1000,0
51,28.0,3.0,25.0,1.0,1020,0
52,28.0,4.0,24.0,1.0,1040,0
53,28.0,6.0,22.0,1.0,1060,0
54,28.0,6.0,22.0,1.0,1080,0
55,28.0,6.0,22.0,1.0,1100,0
56,28.0,4.0,24.0,1.0,1120,0
57,28.0,2.0,26.0,1.0,1140,0
58,28.0,2.0,26.0,1.0,1160,0
59,28.0,6.0,22.0,1.0,1180,0
60,28.0,12.0,16.0,1.0,1200,0
61,28.0,9.0,19.0,1.0,1220,0
62,28.0,6.0,22.0,1.0,1240,0
63,28.0,3.0,25.0,1.0,1260,0
64,28.0,1.0,27.0,1.0,1280,0
65,28.0,3.0,25.0,1.0,1300,0
66,28.0,2.0,26.0,1.0,1320,0
67,28.0,5.0,23.0,1.0,1340,0
68,28.0,5.0,23.0,1.0,1360,0
69,28.0,1.0,27.0,1.0,1380,0
70,28.0,1.0,27.0,1.0,1400,0
71,28.0,16.0,12.0,1.0,1420,0
