,tot,sbi,bemp,act,min,dayofweek,temp
0,28.0,2.0,26.0,1.0,0,0,23.3
1,28.0,0.0,28.0,1.0,20,0,23.3
2,28.0,7.0,21.0,1.0,40,0,23.3
3,28.0,17.0,11.0,1.0,60,0,23.2
4,28.0,16.0,12.0,1.0,80,0,23.2
5,28.0,17.0,11.0,1.0,100,0,23.2
6,28.0,17.0,11.0,1.0,120,0,23.1
7,28.0,18.0,10.0,1.0,140,0,23.1
8,28.0,18.0,10.0,1.0,160,0,23.1
9,28.0,18.0,10.0,1.0,180,0,23.1
10,28.0,18.0,10.0,1.0,200,0,23.1
11,28.0,18.0,10.0,1.0,220,0,23.1
12,28.0,18.0,10.0,1.0,240,0,23.3
13,28.0,22.0,6.0,1.0,260,0,23.3
14,28.0,22.0,6.0,1.0,280,0,23.3
15,28.0,21.0,7.0,1.0,300,0,23.4
16,28.0,22.0,6.0,1.0,320,0,23.4
17,28.0,23.0,5.0,1.0,340,0,23.4
18,28.0,22.0,6.0,1.0,360,0,23.7
19,28.0,24.0,4.0,1.0,380,0,23.7
20,28.0,19.0,9.0,1.0,400,0,23.7
21,28.0,13.0,15.0,1.0,420,0,24.2
22,28.0,2.0,26.0,1.0,440,0,24.2
23,28.0,6.0,22.0,1.0,460,0,24.2
24,28.0,0.0,28.0,1.0,480,0,24.8
25,28.0,4.0,24.0,1.0,500,0,24.8
26,28.0,8.0,20.0,1.0,520,0,24.8
27,28.0,2.0,26.0,1.0,540,0,25.8
28,28.0,1.0,27.0,1.0,560,0,25.8
29,28.0,1.0,27.0,1.0,580,0,25.8
30,28.0,1.0,27.0,1.0,600,0,26.7
31,28.0,0.0,28.0,1.0,620,0,26.7
32,28.0,0.0,28.0,1.0,640,0,26.7
33,28.0,0.0,28.0,1.0,660,0,27.1
34,28.0,3.0,25.0,1.0,680,0,27.1
35,28.0,2.0,26.0,1.0,700,0,27.1
36,28.0,0.0,28.0,1.0,720,0,26.6
37,28.0,1.0,27.0,1.0,740,0,26.6
38,28.0,12.0,16.0,1.0,760,0,26.6
39,28.0,0.0,28.0,1.0,780,0,26.6
40,28.0,1.0,27.0,1.0,800,0,26.6
41,28.0,1.0,27.0,1.0,820,0,26.6
42,28.0,0.0,28.0,1.0,840,0,26.1
43,28.0,3.0,25.0,1.0,860,0,26.1
44,28.0,3.0,25.0,1.0,880,0,26.1
45,28.0,1.0,27.0,1.0,900,0,25.8
46,28.0,1.0,27.0,1.0,920,0,25.8
47,28.0,22.0,6.0,1.0,940,0,25.8
48,28.0,18.0,10.0,1.0,960,0,25
49,28.0,22.0,6.0,1.0,980,0,25
50,28.0,26.0,2.0,1.0,1000,0,25
51,28.0,23.0,5.0,1.0,1020,0,24.3
52,28.0,27.0,1.0,1.0,1040,0,24.3
53,28.0,21.0,7.0,1.0,1060,0,24.3
54,28.0,20.0,8.0,1.0,1080,0,23.9
55,28.0,14.0,14.0,1.0,1100,0,23.9
56,28.0,7.0,21.0,1.0,1120,0,23.9
57,28.0,2.0,26.0,1.0,1140,0,23.5
58,28.0,2.0,26.0,1.0,1160,0,23.5
59,28.0,1.0,27.0,1.0,1180,0,23.5
60,28.0,2.0,26.0,1.0,1200,0,23.5
61,28.0,4.0,24.0,1.0,1220,0,23.5
62,28.0,6.0,22.0,1.0,1240,0,23.5
63,28.0,4.0,24.0,1.0,1260,0,23.4
64,28.0,2.0,26.0,1.0,1280,0,23.4
65,28.0,3.0,25.0,1.0,1300,0,23.4
66,28.0,2.0,26.0,1.0,1320,0,23.1
67,28.0,7.0,21.0,1.0,1340,0,23.1
68,28.0,2.0,26.0,1.0,1360,0,23.1
69,28.0,21.0,7.0,1.0,1380,0,23.1
70,28.0,11.0,17.0,1.0,1400,0,23.1
71,28.0,8.0,20.0,1.0,1420,0,23.1
