,tot,sbi,bemp,act,min,dayofweek,temp
0,28.0,12.0,16.0,1.0,0,0,26.1
1,28.0,11.0,17.0,1.0,20,0,26.1
2,28.0,12.0,16.0,1.0,40,0,26.1
3,28.0,8.0,20.0,1.0,60,0,25.9
4,28.0,8.0,20.0,1.0,80,0,25.9
5,28.0,7.0,21.0,1.0,100,0,25.9
6,28.0,7.0,21.0,1.0,120,0,26
7,28.0,7.0,21.0,1.0,140,0,26
8,28.0,7.0,21.0,1.0,160,0,26
9,28.0,7.0,21.0,1.0,180,0,26.0
10,28.0,21.0,7.0,1.0,200,0,26.0
11,28.0,21.0,7.0,1.0,220,0,26.0
12,28.0,21.0,7.0,1.0,240,0,26.2
13,28.0,22.0,6.0,1.0,260,0,26.2
14,28.0,22.0,6.0,1.0,280,0,26.2
15,28.0,22.0,6.0,1.0,300,0,26.4
16,28.0,21.0,7.0,1.0,320,0,26.4
17,28.0,21.0,7.0,1.0,340,0,26.4
18,28.0,22.0,6.0,1.0,360,0,26.6
19,28.0,24.0,4.0,1.0,380,0,26.6
20,28.0,21.0,7.0,1.0,400,0,26.6
21,28.0,9.0,19.0,1.0,420,0,26.3
22,28.0,2.0,26.0,1.0,440,0,26.3
23,28.0,8.0,20.0,1.0,460,0,26.3
24,28.0,1.0,27.0,1.0,480,0,26.3
25,28.0,6.0,22.0,1.0,500,0,26.3
26,28.0,0.0,28.0,1.0,520,0,26.3
27,28.0,0.0,28.0,1.0,540,0,25.8
28,28.0,1.0,27.0,1.0,560,0,25.8
29,28.0,0.0,28.0,1.0,580,0,25.8
30,28.0,0.0,28.0,1.0,600,0,26.8
31,28.0,2.0,26.0,1.0,620,0,26.8
32,28.0,0.0,28.0,1.0,640,0,26.8
33,28.0,0.0,28.0,1.0,660,0,26.7
34,28.0,0.0,28.0,1.0,680,0,26.7
35,28.0,0.0,28.0,1.0,700,0,26.7
36,28.0,0.0,28.0,1.0,720,0,26.9
37,28.0,3.0,25.0,1.0,740,0,26.9
38,28.0,0.0,28.0,1.0,760,0,26.9
39,28.0,0.0,28.0,1.0,780,0,27.6
40,28.0,0.0,28.0,1.0,800,0,27.6
41,28.0,3.0,25.0,1.0,820,0,27.6
42,28.0,0.0,28.0,1.0,840,0,27.5
43,28.0,0.0,28.0,1.0,860,0,27.5
44,28.0,0.0,28.0,1.0,880,0,27.5
45,28.0,2.0,26.0,1.0,900,0,27.5
46,28.0,9.0,19.0,1.0,920,0,27.5
47,28.0,16.0,12.0,1.0,940,0,27.5
48,28.0,20.0,8.0,1.0,960,0,27.1
49,28.0,12.0,16.0,1.0,980,0,27.1
50,28.0,17.0,11.0,1.0,1000,0,27.1
51,28.0,12.0,16.0,1.0,1020,0,26.2
52,28.0,23.0,5.0,1.0,1040,0,26.2
53,28.0,21.0,7.0,1.0,1060,0,26.2
54,28.0,21.0,7.0,1.0,1080,0,26.3
55,28.0,2.0,26.0,1.0,1100,0,26.3
56,28.0,1.0,27.0,1.0,1120,0,26.3
57,28.0,0.0,28.0,1.0,1140,0,25.9
58,28.0,1.0,27.0,1.0,1160,0,25.9
59,28.0,1.0,27.0,1.0,1180,0,25.9
60,28.0,0.0,28.0,1.0,1200,0,25.8
61,28.0,1.0,27.0,1.0,1220,0,25.8
62,28.0,3.0,25.0,1.0,1240,0,25.8
63,28.0,0.0,28.0,1.0,1260,0,25.6
64,28.0,1.0,27.0,1.0,1280,0,25.6
65,28.0,2.0,26.0,1.0,1300,0,25.6
66,28.0,2.0,26.0,1.0,1320,0,25.7
67,28.0,2.0,26.0,1.0,1340,0,25.7
68,28.0,3.0,25.0,1.0,1360,0,25.7
69,28.0,7.0,21.0,1.0,1380,0,25.4
70,28.0,21.0,7.0,1.0,1400,0,25.4
71,28.0,24.0,4.0,1.0,1420,0,25.4
