,sbi
0,2.5372658
1,5.6876388
2,8.348747
3,10.187561
4,11.311185
5,11.949179
6,12.312469
7,12.536803
8,12.699692
9,12.83847
10,12.974445
11,13.113181
12,13.251612
13,13.379512
14,13.493328
15,13.600993
16,13.68154
17,13.630196
18,13.276009
19,12.551386
20,11.454689
21,10.132329
22,8.663349
23,7.259929
24,6.069415
25,5.1441393
26,4.467699
27,4.0376906
28,3.8205671
29,3.790645
30,3.8924637
31,4.086112
32,4.338847
33,4.286524
34,3.6473622
35,2.7358437
36,1.9993987
37,1.609092
38,1.5508376
39,1.7644992
40,2.2259088
41,2.8559146
42,3.613683
43,4.456274
44,5.3568225
45,6.258659
46,7.1165423
47,7.8843107
48,8.505525
49,8.989816
50,9.394354
51,9.625319
52,9.758283
53,9.721949
54,9.39103
55,8.975943
56,8.483887
57,7.8856077
58,7.2793355
59,6.7334285
60,6.1985226
61,5.7420306
62,5.383786
63,5.139806
64,5.017469
65,4.9181414
66,4.858411
67,4.780479
68,4.697861
69,4.6486588
70,4.7698393
71,4.9366364
