,sbi
0,2.7810965
1,5.947327
2,8.518244
3,10.246978
4,11.307576
5,11.954553
6,12.400872
7,12.740509
8,13.004878
9,13.194792
10,13.320392
11,13.385946
12,13.39046
13,13.321912
14,13.171495
15,12.941095
16,12.634088
17,12.248282
18,11.771779
19,11.235838
20,10.597716
21,9.867287
22,8.989605
23,8.104945
24,7.3531413
25,6.793983
26,6.424008
27,6.276232
28,6.3351717
29,6.58551
30,6.9633064
31,7.4162903
32,7.8959064
33,7.5605664
34,6.2908354
35,4.5841193
36,3.1494138
37,2.0742476
38,1.4269072
39,1.1699928
40,1.2913244
41,1.7119813
42,2.3963208
43,3.3011441
44,4.390968
45,5.585049
46,6.8132777
47,8.0033
48,9.069579
49,10.002893
50,10.850515
51,11.486115
52,11.977029
53,12.214711
54,12.004521
55,11.5793705
56,10.947475
57,10.067072
58,9.085404
59,8.122089
60,7.195084
61,6.404631
62,5.784545
63,5.2950325
64,4.956012
65,4.6538625
66,4.4185863
67,4.1952686
68,4.008196
69,3.906839
70,4.063347
71,4.3246756
0,0.5902293
1,1.4247541
2,2.328415
3,3.2345614
4,4.12165
5,4.984076
6,5.8110127
7,6.585189
8,7.305599
9,7.9521813
10,8.505088
11,8.947292
12,9.257437
13,9.433142
14,9.451729
15,9.318211
16,9.051809
17,8.692025
18,8.246643
19,7.761284
20,7.263335
21,6.7582493
22,6.298448
23,5.847779
24,5.4612446
25,5.16855
26,4.9978194
27,4.9796925
28,5.115598
29,5.3986053
30,5.7718472
31,6.196427
32,6.638485
33,6.2413025
34,5.1569586
35,3.7716928
36,2.704739
37,1.955217
38,1.548061
39,1.4730488
40,1.692074
41,2.150937
42,2.781202
43,3.517669
44,4.3049316
45,5.0907426
46,5.834759
47,6.50854
48,7.0901675
49,7.5981426
50,7.9677753
51,8.240164
52,8.414735
53,8.516156
54,8.4623785
55,8.238178
56,7.876662
57,7.403869
58,6.873435
59,6.335546
60,5.746047
61,5.1754494
62,4.6898813
63,4.3489146
64,4.1556253
65,4.048236
66,3.978109
67,3.93164
68,3.903453
69,3.9020278
70,3.933734
71,3.9839823
